x
0.0092395252726676
0.00980797878938249
0.00997816753961169
0.00974256821409169
0.00952452364158341
0.00968112235871168
0.00955915095996092
0.0105531631343315
0.00999598838363559
0.00954788150581828
0.0108469373432783
0.00942974165174828
0.0101712980417816
0.00940297543212056
0.00918913348197309
0.0108147453129997
0.0104729980835155
0.00983999145626155
0.0104462658224499
0.0101570612574177
0.00973199415469832
0.0100322943224685
0.0107455161094921
0.00943136945066408
0.0099131243068805
0.0105589062233287
0.0102852989031627
0.00975561946264429
0.0101701633521833
0.00937499010670686
0.0105393448583898
0.0105101487914373
0.0100383596803784
0.0103055314331069
0.0102023581254083
0.0102298593518006
0.00983515620589005
0.0106131233058199
0.0101870225126845
0.00895512090824548
0.00911995034559377
0.00955050079563982
0.0111919261650329
0.010213331761094
0.00998175920569014
0.0102775332570868
0.0103223372896799
0.0102753279397223
0.0101925039532047
0.00947797678703555
0.00976594859038693
0.0103770377375744
0.010286139134753
0.00915289257254556
0.00935924477784848
0.0094261912479617
0.0102062040301801
0.0107215756104752
0.00977556282814835
0.00995431804868856
0.010657894112206
0.00980539045648605
0.00982588402019906
0.00971577320583114
0.00932089005855292
0.00962297627615546
0.0104523150193474
0.00931979080220977
0.00980873543356344
0.01036005186546
0.0105103751118353
0.00933729997083546
0.00962123014747552
0.00992292953765559
0.00978083198569686
0.00920748588718548
0.00969857396954367
0.00949460243971735
0.0104777257160027
0.0102461061474419
0.00966522076123803
0.0101328937293282
0.0094963799412099
0.00997936861252585
0.00930065906660952
0.0102935174245352
0.00907256616918745
0.00957362700248725
0.0103992490627171
0.010025852892321
0.0103874804630306
0.00937984369505758
0.00972853649022833
0.00972137263126029
0.0094834536159487
0.0105685583699763
0.00986009775327216
0.0100293573560535
0.0103849391694586
0.00975089174798162
0.0105360845935086
0.0095777138759014
0.010605188187702
0.0103623343391752
0.010164312926266
0.0101690292386741
0.00990258862999994
0.00990386592100334
0.00956890848916296
0.010392492669859
0.00893107326206728
0.00961903910806918
0.00956567186370757
0.00975827839316034
0.00979384466416436
0.0102829434571588
0.0100564781787786
0.0093272284518062
0.0087264064692865
0.0103894028161804
0.00949982221550983
0.0104124843715942
0.00943945576155455
0.010717561577261
0.0100287986975024
0.0095520082222529
0.00972237522743687
0.0099013093843961
0.009696406312024
0.00986562218988889
0.0103058582026994
0.00972089309848046
0.00982883023424375
0.0102325057199167
0.0103004810560473
0.00928677876924175
0.0101745473383971
0.010225178874699
0.0098588269332152
0.0105291694562776
0.00936965562919928
0.0101085600633039
0.0100360917508697
0.00944203513294031
0.0104642826323235
0.00964929617898158
0.00958149090803418
0.00929526478491991
0.00981014030128815
0.00998329762206429
0.010527877779353
0.00930843753865637
0.00914310608571502
0.00953976982478506
0.0105541523824552
0.00977739191092704
0.00996415754008233
0.00979272005186623
0.00967855343140842
0.0101265867144085
0.0093086484049116
0.00990281078873942
0.00958686614039754
0.0097365302948266
0.00965591976130815
0.00918039753056605
0.00972122244399053
0.00898862809955612
0.00974191564218903
0.00994330125207799
0.00991664315387469
0.00927396607269117
0.00982015005956663
0.0103491366412497
0.00962689092895651
0.0101072123783266
0.0097077712008297
0.0102442128478445
0.00921679200794481
0.00987057495138187
0.0103600966799816
0.0101632237191696
0.0108542692509626
0.00974732284036963
0.0101600743229633
0.0100022739878849
0.0101172795004236
0.0105446571596416
0.00973416114436626
0.00917507883775038
0.010605737626955
0.0102791246542706
0.0102641079915897
0.010277332692635
0.00973872151496014
0.0100117249546588
0.00982320043200704
0.00990093323091475
0.00973994825567405
0.00961201287207811
0.00937290273658359
0.00931794263387269
0.010057160715199
0.00931283482162199
0.00992221260670489
0.00972216261342766
0.00985172001275069
0.00942835735031532
0.00972423897474454
0.0100757233414792
0.0109407574040347
0.0104076788797513
0.00996859007261175
0.00941047321463571
0.0100532628728796
0.0102020336434258
0.00959084306254523
0.00970436540993115
0.0100405398200857
0.0101743828544423
0.0103369836609866
0.00917757505197366
0.0102830524327195
0.00975282773264593
0.00925999340703482
0.0103528209822417
0.00950017514525281
0.0093903153946291
0.00946252536700394
0.0103877622802154
0.00982619039337977
0.00969393869615417
0.00975338255851886
0.0100953856864439
0.00900913343237804
0.00950323726523505
0.00982056130573309
0.0094721279064155
0.0101075031260364
0.0101505658379302
0.00934411573453138
0.00948096295676988
0.0101460011532288
0.0095631983950274
0.0105017829610613
0.00944645065059142
0.00971147663370925
0.0104174255637447
0.00959691348390774
0.0106956801283821
0.00959733000305219
0.00969050732866864
0.00969444609719875
0.0104541723487424
0.00958649313284892
0.00956286674882313
0.00965896931145855
0.00997014078389012
0.0100998331880681
0.0101350082502512
0.0101294133821047
0.0089976954051234
0.0100851717624225
0.00910201533735121
0.00998912988343087
0.0102780816807965
0.0093701408706068
0.00957057335957741
0.00955989302128793
0.00972864815783586
0.0104504396209262
0.0101532804920898
0.00961855820518239
0.0100264690560859
0.00983017861107392
0.0105365804563021
0.0105818461073253
0.00957843308181366
0.0097743331836033
0.0102386955577141
0.0101539910834036
0.0104258932144512
0.0100901280666639
0.00956074496681441
0.00941795046336631
0.00995778327819811
0.00928789476676449
0.0102540198991181
0.00984110294008379
0.010386274482897
0.00969498273979084
0.00995785128248432
0.0103981718017119
0.0108722397621865
0.0104065805523677
0.0105082667739623
0.00903161421072306
0.010818516665505
0.0112194975446881
0.0104416508432412
0.00970450754185188
0.00985195484008887
0.0105106874057636
0.0100316157803631
0.00988856483832076
0.00990513791622732
0.00981703758159802
0.0106153137427998
0.0100715704561164
0.00978444748528905
0.0100883822303617
0.00974288091117086
0.00963368654356565
0.00928085415326735
0.0100867263484889
0.00917951205188351
0.0108885300764303
0.0105079947223733
0.00954414117892131
0.0103066131714558
0.0088367146741908
0.00983154379678943
0.00996349772298124
0.00986813877131609
0.0100547631278281
0.00974789062238911
0.0100416741219526
0.00971724189722838
0.0107006527869309
0.00952178551815392
0.00915220929834721
0.00952395745131384
0.00944294172206359
0.00983305832002965
0.0110379205628943
0.0102904860299256
0.0103006889988873
0.00993035960345352
0.00927541670448523
0.011033489599972
0.00922981341837365
0.0101737760065787
0.0103111154018332
0.00978696483492406
0.0100384064968109
0.0102462348827585
0.00974325908356503
0.0100001590915295
0.00997850241934964
0.0102452306891947
0.00986159136626687
0.0100735382431659
0.00941157498035508
0.00871700002777217
0.00998035116934379
0.00973180127622256
0.00973190197996061
0.00947608484358057
0.00961695968763419
0.00982618732726833
0.00985336286167097
0.00867107588546581
0.0104341751896831
0.00959786429879363
0.0100185836190236
0.00962727084367265
0.0108222091698973
0.0093853397659011
0.0102582489107508
0.0104038590201152
0.0105118230617097
0.00955005132316754
0.00982386188840302
0.0100411532879467
0.00972788863348956
0.0106360343537244
0.00978597627606377
0.00972829386611934
0.0103499032485903
0.00979259434023865
0.0103560305219854
0.00997836415254436
0.0095233742909886
0.00942395280427676
0.0101051988702565
0.00989907466148632
0.0100823364176858
0.0101537399281913
0.0104076309695925
0.00948643390747556
0.0102635012824298
0.00989108652814858
0.0102394299811491
0.00928102727861888
0.0102500599929337
0.00982458125232363
0.00982533016084925
0.0103257321954098
0.00959865549788322
0.00913732339623511
0.0095269360192203
0.00863048861661792
0.00979891627162491
0.00948608063277842
0.0101357018762947
0.00963503539464304
0.00914609173161139
0.0106962444557765
0.0106860039973865
0.00951357294835684
0.00932853990967895
0.0104285657959896
0.0100314500941217
0.0100317163233211
0.0100690097650988
0.0098535677211288
0.0101463324309109
0.0097294361588928
0.00968764230155798
0.0102531464558693
0.0102168236239853
0.00942447960925477
0.0097960785201059
0.00951241374862178
0.0101127146311532
0.0100762331359464
0.0106461637573228
0.00978304888508909
0.00955405247841258
0.00987927371391745
0.00959207623129574
0.0100917197919898
0.00892222183794037
0.00966705126840405
0.00888251074445809
0.00902511771791636
0.00978546131373751
0.00981387687368298
0.00997079523834537
0.00940010430395092
0.0101751049296271
0.010393984294065
0.0092369482590304
0.00977454200664999
0.0100361299299504
0.0101904193426787
0.0102662210136498
0.00964942791854689
0.00995894033961559
0.0107474895238558
0.00977910799389997
0.00942335021968615
0.0105460399931981
0.0100422887612331
0.0100593685845038
0.00961445843190848
0.00981818727307861
0.00979283916328392
0.0100200845786034
0.00986985849560146
0.00980569214963376
0.0110741416758682
0.00929426099877335
0.00996698462639565
0.0104630826138319
0.00895228240587518
0.00919713418799673
0.0103437406317753
0.00974686094450319
0.0098228907632764
0.00925678001762755
0.01054657483054
0.00956532273855525
0.0108530801184724
0.0103961952344506
0.0101590512681215
0.0102056896689174
0.0101429480438642
0.0101948131855965
0.00916446989507594
0.00892223897368398
0.0100535049429524
0.01059892232009
0.0101678791960939
0.00936677394609747
0.0093844176144383
0.00860619033862628
0.0106474142529751
0.0100053070388733
0.00924369251135591
0.0090391154044213
0.00964904193167428
0.00966014899529628
0.00943781137069844
0.0103391293484918
0.00993735597591322
0.00956488972821857
0.00982743670923054
0.00983275849431418
0.00960564834533849
0.00935926606055131
0.0100201519856399
0.00900923050356152
0.00986096468764572
0.0089516683182511
0.00945652822121001
0.00984047105257554
0.00989666151605019
0.0099232086757802
0.0100259298462388
0.00958920307513913
0.0110780354312545
0.0107311275010358
0.0104300746615879
0.00977160599095892
0.00943254478333834
0.00934973619928398
0.00941827705703823
0.0105820242891066
0.0101372373956026
0.010039293193565
0.00936887093568352
0.0107208249429503
0.00887621426924417
0.0101272841005599
0.0105454331349275
0.00974615528209594
0.00951927342448412
0.0100878157714732
0.00977301036662719
0.00919918779846238
0.00996382561841652
0.00936201619360284
0.00965173430661623
0.00948942872530229
0.010110315658702
0.010358711338613
0.0100928927448745
0.00954378119797767
0.00974004723925133
0.0106550966385238
0.00893238864912217
0.0106500593548483
0.00955143676388536
0.0101911659689489
0.0104833936656864
0.00947722089254703
0.010132625775962
0.00930262468357527
0.00986620282345498
0.00970511385917888
0.0105049144459739
0.00954197324405366
0.0105312755962973
0.00948786002580562
0.00936919975265392
0.00995143783760307
0.00952474296871611
0.00951123340580362
0.0104546662644432
0.0101131400792468
0.0103232854252577
0.00979611029844599
0.010360335445161
0.00949256809860131
0.0104754430376678
0.0101236916351331
0.0099394073816998
0.0099662801762719
0.0108732677638708
0.00984715146374702
0.0104026214819891
0.00976141945554272
0.0100433378390797
0.00943926724038487
0.0106391140110099
0.00945774632237461
0.0103688148220795
0.00927569155343852
0.00996143436956436
0.00990106832299022
0.00961987276766648
0.00934794813299848
0.00975509349245568
0.00954823131220359
0.0098300506331245
0.00987035241533386
0.00973619090894447
0.010705839376749
0.00980032730388025
0.010168264067072
0.00896670527124662
0.00952082987837454
0.00940790997175527
0.00963964671912846
0.00961158029313287
0.00994877306445233
0.00988161344644701
0.00952540647687788
0.0107840247611689
0.00956308291317916
0.00948358563468608
0.0110943618826376
0.00948780089065408
0.00925967526604599
0.010061320596202
0.00943651495772692
0.0102541944156144
0.00972364616053708
0.0101513472212469
0.010528020661058
0.0103342461567244
0.00926094175745492
0.00979996235009544
0.00974240765931693
0.0089990715679785
0.009589476570337
0.00935029833339652
0.0103043715699382
0.0100700050588142
0.00990940137615894
0.00998181608137862
0.00942802829987836
0.00955341572581016
0.0105364301866152
0.0103515288707855
0.0103256601577049
0.0101775215532431
0.0101787461045023
0.0104778450672876
0.0103785732965673
0.00913753723205813
0.00993744997521458
0.00980516346532829
0.0109143675958504
0.00974231584983123
0.0100766007198847
0.00940954013307271
0.0101101490521824
0.0102484971294374
0.0102517548594194
0.00949450631712301
0.00931848783151531
0.00992632226472873
0.00999531047285973
0.0108150582713239
0.00999452583589286
0.0101206530286628
0.00930839423836556
0.00999793335788374
0.01023469349451
0.00918963268021997
0.0102297246080576
0.00914028638642817
0.0102853428441109
0.0100968734824351
0.0101227559628448
0.0104237709391127
0.00989895196808275
0.00916217100875815
0.00940257865501249
0.0101385803099034
0.00961453232729653
0.00976467503209483
0.00936589812577679
0.00972160361498037
0.00943333971421641
0.0101780843963457
0.00866125541201722
0.0105284558320834
0.0100280576034171
0.0100100325458196
0.00946920165580376
0.0101940976892686
0.0110069124283315
0.010103942053865
0.0104297214205221
0.00988232344718731
0.010076846426678
0.0100433376149978
0.0114717705544027
0.0099812930113196
0.0102189870678144
0.0100386751533021
0.0100383121243799
0.0094201033186234
0.00976942685707173
0.0106187549493841
0.00984639843746798
0.00996263737860557
0.00988360232002381
0.00974902447023845
0.00960559809803233
0.0100682290502931
0.0092853290346841
0.010255886540629
0.0102628074330072
0.0101963206312808
0.0102095932601154
0.0104262742371962
0.00912307193609671
0.0104698167086119
0.00936737011487128
0.00993571418155788
0.0101503451876158
0.00990312533646794
0.00980852803450689
0.00990037930398082
0.0100868417378938
0.0097779057234235
0.00939455895622356
0.0100901734115159
0.00989168190166313
0.00971922510119582
0.00885469180355873
0.0102909478586889
0.0102186016505374
0.009845028090077
0.0101473336105717
0.0100688641349085
0.0106753436399789
0.0103060164017316
0.00999222426936174
0.0103339345925439
0.0102052949526348
0.00974250767957932
0.0100568118981425
0.00992443265931349
0.0100784972981512
0.0100145816804118
0.00957933766696154
0.0100939425987657
0.0103037434983995
0.0101308001215046
0.0104636183512198
0.00949318069769477
0.0102337733707827
0.0108037656825904
0.00986327104040458
0.00967935190843866
0.0105176843694443
0.0104565998202437
0.0102373582827694
0.00945595395359654
0.0101138578450791
0.0100691516391514
0.0101175451143357
0.0092509834640249
0.00989810479072989
0.0107932319808957
0.0100643950770458
0.00894638359138237
0.0100103098841973
0.0100038500076093
0.0102827616513608
0.00951490686148597
0.0097742708759456
0.00979645318853308
0.00916421571241843
0.0105866904188796
0.00982268738481701
0.00985765451936701
0.00987878499044143
0.0100441515562556
0.0110541478912563
0.0110836392071586
0.00962889667185245
0.0095986379801301
0.00972259816851954
0.00926817761291991
0.0099184395876176
0.0103246633844678
0.0101517852393378
0.00939433337110013
0.010483871748265
0.0106086666770274
0.00946019609403215
0.010177664884268
0.00958478321917389
0.0102940444077594
0.00964544242164148
0.00975289800634232
0.00949869321046686
0.00926886967362105
0.00981622918439979
0.0107179955090014
0.010172564184406
0.010079222465425
0.00896581812698763
0.00968383462204942
0.0101393904093452
0.00992282562884121
0.00991437695687901
0.0103716259365361
0.00985859150819783
0.0101098815577316
0.0100383032136858
0.00987740447361805
0.00995478955961437
0.010210486834562
0.00899195358514242
0.00957180884261892
0.0102328966417867
0.00937450575314787
0.00969104671879554
0.00942101155928985
0.0101672910327011
0.00952979505725555
0.0105494866552032
0.010191737980755
0.0102410778391484
0.00928525825220726
0.00947349638767248
0.00971970792938858
0.00979889693510942
0.00964725191617193
0.0102361571815135
0.010815961881895
0.00986155637707781
0.0102834439549102
0.0106998232964828
0.010634632378298
0.0108803903819842
0.009372249665052
0.00995618855643272
0.0103877152886483
0.00902108400074867
0.0098938368826216
0.00998804679261355
0.00938990461170725
0.0114558293159863
0.00992230256043752
0.0100748125407394
0.00928400353852501
0.00962686456295762
0.0102847754052664
0.0102015034451564
0.00941336275833005
0.00899661568763798
0.00963516992305179
0.009336910080102
0.0106586491717047
0.0101106301417767
0.00985264265514132
0.00981219152595431
0.0104768907015235
0.00966411682315065
0.00977156774951778
0.0100040315401141
0.0106484351966096
0.0108583374141629
0.0106000307262883
0.0102946550666585
0.00946247455071957
0.00910077199175018
0.00935044200129288
0.00959300700364627
0.00980973940008098
0.00994297084862043
0.0104210697911575
0.00992508973024255
0.0106319816900553
0.00940774824450144
0.00963005155892846
0.0102983454043663
0.0104098441323052
0.00972466164105196
0.0099607214447791
0.0102886858130249
0.00912287159340222
0.00885007580116279
0.0100341793692021
0.0101263680963084
0.0103140151836607
0.0101470643641806
0.00999991067068572
0.00973895220875158
0.00997383957284934
0.00997799673465439
0.00930636068602266
0.00989211374431097
0.00996327608480207
0.010390628311231
0.0100749827979439
0.0103407383908387
0.00999021627383509
0.0107220118385956
0.00924333776339082
0.00979878279392697
0.0101157393259796
0.00999909667559696
0.00975033890349457
0.00990049159626832
0.0105444897550623
0.0100564128472459
0.00911307230737157
0.00948942050530112
0.0102791544219856
0.0102737244037832
0.0106290240424139
0.00946991931061255
0.00997321130370172
0.00938148403515501
0.0101559475910729
0.00994325575087789
0.0105895571513957
0.00955441163510579
0.0102302031559452
0.00988479437722669
0.0105768295705964
0.0107066828530228
0.0103991198557376
0.00970497446513645
0.010055500206591
0.00967392344694756
0.010365644485284
0.00951948080466662
0.0098712759333872
0.00954713811966671
0.00947583674632978
0.00990398618261366
0.0100411605033199
0.00962348163669156
0.00931298619377051
0.0105673575234548
0.0102954076666514
0.0101771100431268
0.0102475302669056
0.0102858457822058
0.00977804301349613
0.00970528315577838
0.00972511969463988
0.0105414705557765
0.00971560120042446
0.0100467612903696
0.00994675297831833
0.00999120776888621
0.00988438685327966
0.0103751536577858
0.0105250631492493
0.0102460764246421
0.010308711407165
0.00948133510311115
0.0106359056190433
0.00999654327201741
0.0099678403809972
0.0102335798631094
0.00898247114333612
0.00980897156461726
0.00986009796124426
0.0097218109956082
0.00939261842279873
0.00949439576881697
0.00938887619179735
0.0102150601404376
0.00987210781170441
0.00952166022193503
0.0102108372968433
0.0092660003937582
0.0101218666894691
0.00986941263437227
0.00998788915562352
0.00940329255301289
0.00983227163746028
0.0100285337795921
0.0103611242483993
0.0102080167664987
0.00957450904437404
0.00932503714441012
0.00998430216261747
0.00991194996827777
0.00962692744714129
0.0092520312930406
0.00977104766404963
0.0101428809447725
0.00991947282002491
0.00932518075958562
0.0103988975936989
0.00944388227624103
0.010043376421613
0.0101928613178055
0.0100748564530178
0.00997335933753194
0.0115169769337626
0.0100869479352656
0.0103295741099846
0.00963264517936085
0.0104777462875072
0.00930104027567758
0.0104717829923903
0.00984943573793485
0.0101641391666281
0.0100978779377519
0.00997577359930229
0.00989104922950993
0.0103135539713787
0.010675404741015
0.00982416694176154
0.0101462675837765
0.0107916334329275
